1.38 1.83 1.11 1.84 1.99 1.39 1.42 1.69 1.99 1.75 1.35 1.83 1.98 1.13 1.37 1.38 1.50 1.36 1.24 1.54 1.75 1.63 1.95 1.35 1.63 1.54 1.46 1.11 1.60 1.49 1.97 1.54 1.68 1.85 1.07 1.02 1.46 1.19 1.65 1.75 1.32 1.76 1.85 1.92 1.88 1.04 1.82 1.47 1.98 1.61 1.31 1.94 1.92 1.10 1.95 1.08 1.23 1.40 1.54 1.66 1.25 1.71 1.45 1.86
1.31 1.49 1.23 1.93 1.96 1.52 1.31 1.34 1.22 1.70 1.21 1.55 1.71 1.55 1.60 1.88 1.48 1.35 1.74 1.67 1.81 1.78 1.44 1.78 1.85 1.55 1.66 1.22 1.16 1.33 1.95 1.17 1.35 1.61 1.06 1.78 2.00 1.41 1.68 1.76 1.13 1.34 1.98 1.34 1.08 1.99 1.52 1.99 1.83 1.27 1.99 1.13 1.87 1.58 1.72 1.33 1.64 1.34 1.13 1.25 1.56 1.52 1.83 1.13
1.47 1.20 1.70 1.27 1.69 1.53 1.97 1.44 1.96 1.59 1.97 1.97 1.57 1.44 1.72 1.11 1.13 1.22 1.68 1.64 1.44 1.05 1.41 1.62 1.25 1.04 1.14 1.93 1.33 1.31 1.25 1.20 1.64 1.96 1.61 1.79 1.23 1.27 1.49 1.03 1.88 1.54 1.08 1.81 1.08 1.46 1.30 1.18 1.38 1.54 1.29 1.16 1.00 1.32 1.24 1.33 1.48 1.45 1.04 1.41 1.89 1.87 1.76 1.85
1.66 1.62 1.50 1.43 1.39 2.00 1.18 1.31 1.45 1.94 1.37 1.52 1.85 1.14 1.88 1.01 1.49 1.70 1.86 1.01 1.05 1.47 1.84 1.75 1.13 1.92 1.22 1.11 1.62 1.99 1.61 1.36 1.22 1.10 1.69 1.45 1.99 1.49 1.60 1.06 1.29 1.05 1.95 1.72 1.56 1.21 1.97 1.43 1.98 1.53 1.41 1.07 1.04 1.25 1.70 1.89 1.95 1.30 1.87 1.00 1.14 1.48 1.92 1.25
1.45 1.96 1.54 1.64 1.53 1.40 1.75 1.36 1.46 1.12 1.68 1.82 1.92 1.61 1.82 1.96 1.77 1.44 1.14 1.63 1.35 1.15 1.82 1.33 1.21 1.10 1.13 1.05 1.45 1.40 1.28 1.80 1.55 1.63 1.47 1.16 1.97 1.58 1.78 1.19 1.19 1.93 1.55 1.90 1.76 1.67 1.77 1.05 1.03 1.29 1.47 1.09 1.40 1.99 1.08 1.04 1.44 1.58 1.04 1.80 1.90 1.89 1.95 1.83
1.04 1.52 1.45 1.93 1.23 1.45 1.29 1.80 1.75 1.93 1.78 1.25 1.07 1.33 1.89 1.58 1.61 1.85 1.86 1.86 1.13 1.92 1.52 1.50 1.92 1.37 1.35 1.49 1.11 1.16 1.03 1.80 1.15 1.65 1.31 1.25 1.85 1.26 1.19 1.51 1.59 1.98 1.15 1.73 1.01 1.10 1.85 1.60 1.14 1.23 1.44 1.54 1.20 1.03 1.91 1.35 1.18 1.93 1.38 1.47 1.60 1.64 1.30 1.90
1.28 1.92 1.43 1.44 1.26 1.16 1.31 1.22 1.73 1.22 1.68 1.72 1.49 1.08 1.43 1.29 1.60 1.03 1.14 1.39 1.61 1.46 1.51 1.34 1.52 1.57 1.03 1.24 1.29 1.83 1.22 1.97 1.96 1.73 1.48 1.14 1.25 1.40 1.53 1.82 1.45 1.08 1.08 1.41 1.22 1.45 1.42 1.32 1.68 1.55 1.64 1.58 1.37 1.58 1.35 1.71 1.34 1.83 2.00 1.30 1.72 1.09 1.41 1.42
1.96 1.88 1.62 1.45 1.36 1.97 1.59 1.36 1.30 1.55 1.09 1.45 1.78 1.07 1.79 1.15 1.59 1.35 1.44 1.14 1.17 1.80 1.50 1.57 1.79 1.58 1.25 1.97 1.11 1.36 1.08 1.94 1.77 1.30 1.72 1.79 1.42 1.77 1.39 1.63 2.00 1.22 1.27 1.05 1.65 1.03 1.66 1.06 1.18 1.52 1.59 1.26 1.16 1.53 1.26 1.27 1.43 1.23 1.16 1.29 1.71 1.10 1.60 1.12
1.86 1.86 1.04 1.30 1.73 1.10 1.52 1.93 1.94 1.49 1.45 1.32 1.73 1.13 1.61 1.32 1.81 1.46 1.55 1.81 1.58 1.24 1.41 1.15 1.24 1.18 1.21 1.62 1.80 1.20 1.96 1.05 1.47 1.14 1.34 1.13 1.07 1.66 1.47 1.13 1.69 1.06 1.00 1.54 1.10 1.10 1.71 1.74 1.21 1.10 1.74 1.91 1.54 1.33 1.33 1.84 1.83 1.80 1.07 1.92 1.64 1.74 1.75 1.08
1.78 1.09 1.77 1.83 1.01 1.42 1.50 1.49 1.41 1.96 1.38 1.42 1.56 1.28 1.56 1.33 1.92 1.40 1.38 1.63 1.23 1.64 1.03 1.76 1.96 1.98 1.24 1.53 1.47 1.57 1.84 1.12 1.94 1.69 1.70 1.61 1.43 1.30 1.71 1.91 1.12 1.99 1.29 1.08 1.48 1.50 1.15 1.18 1.24 1.76 1.19 1.50 1.11 1.84 1.93 1.12 1.75 1.50 1.07 1.51 1.39 1.81 1.39 1.79
1.62 1.16 1.95 1.12 1.39 1.01 1.65 1.09 1.94 1.45 1.81 1.25 1.69 1.18 1.86 1.52 1.08 1.74 1.45 1.23 1.42 1.49 1.25 1.82 1.65 1.95 1.03 1.04 1.17 1.96 1.68 1.73 1.30 1.89 1.11 1.26 1.90 1.19 1.33 1.40 1.90 1.06 1.32 1.92 1.54 1.24 1.33 1.02 1.56 1.27 1.09 1.46 1.61 1.66 1.21 1.11 1.71 1.39 1.06 1.95 1.90 1.82 1.56 1.26
1.98 1.96 1.21 1.48 1.95 1.48 1.51 1.41 1.93 1.74 1.36 1.42 1.45 1.89 1.06 1.26 1.98 1.21 1.35 1.68 1.38 1.05 1.69 1.29 1.97 1.96 1.03 1.64 1.11 1.05 1.40 1.29 1.16 1.56 1.99 1.25 1.54 1.27 1.88 1.06 1.74 1.41 1.82 1.63 1.29 1.53 1.74 1.44 1.59 1.77 1.40 1.62 1.26 1.22 1.78 1.44 1.35 1.86 1.59 1.86 1.30 1.62 1.46 1.61
1.06 1.13 1.26 2.00 1.67 1.78 1.97 1.82 1.54 1.47 1.19 1.61 1.82 1.83 1.54 1.72 1.51 1.72 1.87 1.56 1.92 1.11 1.58 1.83 1.53 1.46 1.99 1.53 1.12 1.84 1.24 1.17 1.57 1.11 1.03 1.24 1.87 1.26 1.88 1.31 1.35 1.58 1.16 1.51 1.84 1.95 1.05 1.70 1.19 1.23 1.02 1.52 1.91 1.50 1.84 1.38 1.76 1.48 1.84 1.84 1.43 1.39 1.87 1.42
1.62 1.12 1.96 1.36 1.52 1.99 1.65 1.94 1.41 1.43 1.22 1.79 1.57 1.61 1.36 1.65 1.67 1.46 1.60 1.92 1.02 1.80 1.03 1.33 1.34 1.76 1.82 1.38 1.52 1.90 1.97 1.33 1.88 1.82 1.78 1.08 1.37 1.89 1.78 1.69 1.08 1.58 1.62 1.44 1.91 1.47 1.70 1.97 1.87 1.44 1.98 1.07 1.91 1.29 1.26 1.67 1.32 1.96 1.29 1.64 1.68 1.51 1.90 1.73
1.65 1.20 1.83 1.35 1.13 1.27 1.77 1.81 1.30 1.21 1.73 1.60 1.25 1.22 1.36 1.99 1.94 1.87 1.56 1.13 1.06 1.50 1.90 1.98 1.13 1.54 1.96 1.86 1.40 1.72 1.75 1.65 1.19 1.12 1.16 1.96 1.45 1.31 1.70 1.96 1.62 1.99 1.46 1.62 1.31 1.53 1.83 1.72 1.20 1.85 1.14 1.61 1.63 1.74 1.41 1.65 1.34 1.14 1.95 1.74 1.97 1.74 1.50 1.64
1.27 1.66 1.80 1.92 1.29 1.64 1.39 1.90 1.49 1.41 1.93 1.60 1.04 1.71 1.56 1.93 1.44 1.59 1.33 1.84 1.21 1.66 1.89 1.50 1.76 1.52 1.36 1.83 1.29 1.20 1.67 1.78 1.05 1.61 1.98 1.26 1.21 1.08 1.56 1.58 1.77 1.12 1.71 1.89 1.85 1.93 1.12 1.82 1.38 1.03 1.81 1.30 1.93 1.05 1.97 1.43 1.27 1.90 1.47 1.05 1.09 1.47 1.36 1.37
1.54 1.98 1.72 1.21 1.50 1.66 1.06 1.32 1.35 1.49 1.57 1.88 1.87 1.11 1.37 1.72 1.08 1.61 1.92 1.31 1.77 1.26 1.15 1.78 1.64 1.87 1.99 1.47 1.51 2.00 1.46 1.27 1.18 1.80 1.89 1.70 1.07 1.05 1.74 1.90 1.60 1.70 1.62 1.93 1.09 1.31 1.43 1.55 1.15 1.75 1.03 1.76 1.99 1.49 1.22 1.91 1.69 1.97 1.52 1.61 1.85 1.11 1.19 1.58
1.14 1.13 1.18 1.41 1.90 1.97 1.72 1.58 1.71 1.27 1.16 1.29 1.48 1.36 1.60 1.46 1.42 1.63 1.82 1.50 1.38 1.86 1.26 1.43 1.80 1.80 1.48 1.38 1.09 1.48 1.87 1.67 1.89 1.22 1.92 1.09 1.35 1.44 1.35 1.80 1.54 1.28 1.64 1.11 1.59 1.10 1.77 1.10 1.79 1.60 1.83 1.35 1.04 1.59 1.69 1.43 1.65 1.60 1.99 1.53 1.61 1.32 1.01 1.23
1.14 1.34 1.42 1.06 1.81 1.98 1.30 1.60 1.89 1.56 1.83 1.42 1.67 1.08 1.79 1.82 1.01 1.70 1.28 1.97 1.41 1.41 1.63 1.87 1.72 1.93 1.84 1.31 1.64 1.92 1.33 1.74 1.70 1.50 1.42 1.68 1.76 1.08 1.98 1.77 1.20 1.96 1.95 1.22 1.20 1.52 1.00 1.06 1.10 1.66 1.65 1.96 1.96 1.05 1.46 1.40 1.06 1.67 1.82 1.64 1.89 1.40 1.97 1.31
1.14 1.67 1.30 1.75 1.78 1.67 1.76 1.94 1.10 1.39 1.35 1.56 1.91 1.94 1.22 1.06 1.06 1.35 1.50 1.29 1.77 1.05 1.20 1.17 1.81 1.31 1.67 1.90 1.19 1.70 1.87 2.00 1.29 1.50 1.89 1.24 1.89 1.89 1.31 1.43 1.14 1.82 1.31 1.05 1.42 1.96 1.58 1.98 1.84 1.12 1.87 1.50 1.42 1.79 1.62 1.39 1.62 1.42 1.60 1.69 1.30 1.18 1.59 1.77
1.00 1.40 1.52 1.78 1.63 1.40 1.09 1.48 1.56 1.23 1.48 1.04 1.93 1.88 1.81 1.30 1.67 1.78 1.36 1.87 1.83 2.00 1.19 1.88 1.79 1.83 1.50 1.35 1.61 1.86 1.37 1.46 1.21 1.59 1.03 1.22 1.20 1.19 1.16 1.90 1.71 1.78 1.63 1.17 1.25 1.13 1.35 1.20 1.53 1.25 1.31 1.31 1.74 1.92 1.86 1.86 1.27 1.19 1.12 1.29 1.64 1.53 1.08 1.26
1.97 1.37 1.60 1.13 1.63 1.01 1.24 1.30 1.94 1.40 1.29 1.12 1.48 1.97 1.76 1.97 1.48 1.09 1.86 1.10 1.15 1.03 1.31 1.05 1.08 1.46 1.15 1.81 1.15 1.51 1.16 1.74 1.64 1.02 1.52 1.39 1.03 1.32 1.88 1.39 1.51 1.98 1.11 1.09 1.06 1.65 1.76 1.09 1.63 1.45 1.19 1.63 1.79 1.78 1.61 1.30 1.14 1.94 1.25 1.45 1.16 1.80 2.00 1.82
1.54 1.48 1.77 1.56 1.93 1.89 1.89 1.92 1.76 1.59 1.85 1.51 1.81 1.65 1.90 1.09 1.06 1.46 1.73 1.96 1.74 1.65 1.87 1.56 1.34 1.58 1.96 1.24 1.26 1.76 1.66 1.52 1.76 1.72 1.79 1.00 1.30 1.24 1.01 1.90 1.91 1.49 1.30 1.51 1.90 1.20 1.28 1.06 1.32 1.74 1.64 1.12 1.32 1.23 1.69 1.33 1.46 1.62 1.90 1.30 1.64 1.25 1.89 1.97
1.73 1.97 1.21 1.14 1.35 1.39 1.57 1.04 1.62 1.87 1.45 1.62 1.46 1.08 1.86 1.37 1.04 1.43 1.91 1.24 1.55 1.38 1.60 1.31 1.40 1.65 1.20 1.90 1.81 1.42 1.77 1.52 1.02 1.33 1.75 1.48 1.09 1.79 1.39 1.88 1.40 1.82 1.71 1.54 1.19 1.98 1.53 1.18 1.45 1.47 1.90 1.67 1.31 1.97 1.29 1.66 1.54 1.29 1.12 1.59 1.06 1.97 1.37 1.58
1.32 1.31 1.53 1.88 1.63 1.21 1.60 1.73 1.90 1.67 1.95 1.64 1.14 1.19 1.88 1.15 1.52 1.09 1.08 1.50 1.49 1.57 1.33 1.27 1.42 1.23 1.86 1.25 1.99 1.74 1.48 1.37 1.56 1.09 1.45 1.23 1.96 1.20 1.97 1.65 1.62 1.16 1.23 1.03 1.08 1.65 1.05 1.70 1.82 1.21 1.72 1.42 1.21 1.32 1.77 1.38 1.45 1.08 1.96 1.38 1.23 1.03 1.00 1.76
1.46 1.73 1.27 1.30 1.79 1.65 1.58 1.07 1.63 1.08 1.59 1.55 1.66 1.92 1.01 1.11 1.56 1.22 1.26 1.13 1.15 1.09 1.70 1.10 1.88 1.76 1.40 1.01 1.18 1.73 1.27 1.75 1.93 1.26 1.14 1.96 1.20 1.37 1.97 1.95 1.70 1.29 1.06 1.65 1.32 1.75 1.68 1.65 1.27 1.31 1.26 1.59 1.40 1.18 1.43 1.60 1.73 1.40 1.00 1.23 1.27 1.12 1.82 1.51
1.65 1.59 1.51 1.08 1.62 1.83 1.57 1.64 1.21 1.96 1.39 1.48 1.32 1.31 1.76 1.12 1.19 1.71 1.84 1.69 1.18 1.22 1.01 1.92 1.14 1.15 1.43 1.17 1.93 1.14 1.63 1.52 1.93 1.00 1.83 1.22 1.15 1.37 1.05 1.00 1.80 1.43 1.08 1.93 1.03 1.66 1.85 1.11 1.64 1.14 1.22 1.23 1.77 1.56 1.31 1.27 1.52 1.32 1.67 1.27 1.41 1.81 1.69 1.59
1.77 1.61 1.10 1.90 1.49 1.25 1.66 1.46 1.50 1.66 1.89 1.72 1.31 1.20 1.70 1.36 1.73 1.33 1.05 1.47 1.05 1.52 1.19 1.71 1.74 1.58 1.21 1.41 1.89 1.89 1.77 1.29 1.66 1.31 1.27 1.18 1.17 1.34 2.00 1.81 2.00 1.98 1.93 1.38 1.06 1.63 1.83 1.66 1.38 1.65 1.37 1.84 1.02 1.82 1.96 1.24 1.78 1.95 1.05 1.30 1.73 1.43 1.55 1.11
1.84 1.52 1.82 1.44 1.79 1.11 1.79 1.66 1.80 1.62 1.28 1.60 1.49 1.46 1.19 1.04 1.74 1.06 1.44 1.87 1.68 1.34 1.32 1.05 1.94 1.52 1.11 1.65 1.84 1.59 1.28 1.86 1.28 1.43 1.40 1.29 1.07 1.58 1.21 1.64 1.34 1.47 1.12 1.18 1.01 1.66 1.16 1.01 1.21 1.35 1.83 1.23 1.86 1.53 1.87 1.38 1.12 1.16 1.56 1.49 1.40 1.73 1.32 1.38
1.16 1.00 1.09 1.87 1.05 1.34 1.84 1.87 1.08 1.41 1.89 1.90 1.56 1.03 1.50 1.11 1.81 1.34 1.83 1.32 1.95 1.39 1.78 1.30 1.59 1.79 1.62 1.31 1.24 1.38 1.43 1.59 1.97 1.99 1.88 1.02 1.78 1.86 1.65 1.65 1.31 1.65 1.48 1.20 1.02 1.03 1.45 1.48 1.80 1.53 1.90 1.23 1.63 1.99 1.20 1.29 1.85 1.45 1.54 1.69 1.35 1.01 1.32 1.77
1.96 1.96 1.75 1.36 1.15 1.04 1.96 1.24 1.83 1.35 1.67 1.78 1.26 1.50 1.86 1.86 1.86 1.66 1.50 1.12 1.02 1.37 1.28 1.81 1.35 1.95 1.93 1.10 1.58 1.25 1.77 1.83 1.27 1.63 1.55 1.06 1.72 1.17 1.57 1.70 1.76 1.99 1.50 1.80 1.63 1.02 1.54 1.71 1.06 1.87 1.80 1.52 1.70 1.75 1.82 1.09 1.21 1.15 1.25 1.01 1.16 1.02 1.12 1.75
1.35 2.00 1.70 1.37 1.92 1.66 1.26 1.43 1.98 1.40 1.31 1.82 1.81 1.84 1.02 1.81 1.85 1.55 1.66 1.76 1.35 1.53 1.86 1.89 1.95 1.48 1.01 1.65 1.86 1.98 1.61 1.00 1.54 1.80 1.23 1.31 1.12 1.87 1.58 1.62 1.12 1.26 1.43 1.47 1.83 1.53 1.73 1.56 1.14 1.52 1.42 1.27 1.14 1.10 1.17 1.04 1.76 1.67 1.10 1.50 1.79 1.70 1.60 1.21
1.96 1.80 1.62 1.83 1.34 1.18 1.36 1.72 1.14 1.68 1.49 1.88 1.03 1.27 1.75 1.34 1.40 1.18 1.43 1.99 1.64 1.39 1.47 1.46 1.16 1.90 1.31 1.17 1.87 1.72 1.92 1.82 1.42 1.67 1.35 1.95 1.15 1.24 1.51 1.33 1.51 1.94 1.70 1.47 1.85 1.91 1.86 1.26 1.60 1.90 1.01 1.98 1.25 1.51 1.17 1.91 1.69 1.95 1.49 1.90 1.61 1.73 1.58 1.47
1.91 1.46 1.80 1.55 1.41 1.63 1.19 1.91 1.90 1.65 1.73 1.78 1.76 1.19 1.05 1.71 1.27 1.14 1.28 1.97 1.72 1.24 1.18 1.85 1.45 1.46 1.46 1.90 1.48 1.20 1.41 1.08 1.59 1.20 1.35 1.25 1.54 1.24 1.37 1.50 1.22 1.93 1.60 1.81 1.74 1.42 1.86 1.31 1.19 1.59 1.36 1.65 1.95 1.05 1.24 1.60 1.49 1.16 1.76 1.86 1.78 1.59 1.90 1.62
1.18 1.81 1.08 1.81 1.44 1.63 1.31 1.97 1.17 1.65 1.32 1.26 1.54 1.71 1.48 1.76 1.18 1.95 1.07 1.79 1.28 1.56 1.22 1.24 1.68 1.35 1.54 1.05 1.46 1.30 1.40 1.89 1.52 1.90 1.76 1.99 1.18 1.61 1.22 1.37 1.32 1.34 1.99 1.19 1.13 1.74 1.46 1.55 1.20 1.09 1.69 1.77 1.08 1.49 1.89 1.95 1.77 1.69 1.55 1.62 1.76 1.42 1.71 1.40
1.53 1.91 1.74 1.91 1.74 1.35 1.07 1.09 1.32 1.08 1.58 1.55 1.54 1.13 1.91 1.13 1.07 1.13 1.50 1.85 1.44 1.81 1.73 1.34 1.78 1.37 1.64 1.59 1.21 1.20 1.82 1.13 1.59 1.50 1.91 1.11 1.50 1.02 1.63 1.22 1.20 1.82 1.86 1.31 1.19 1.13 1.84 1.95 1.77 1.61 1.58 1.49 1.89 1.91 1.90 1.05 1.86 1.54 1.37 1.05 1.99 1.81 1.53 1.83
1.42 1.81 1.50 1.85 1.84 1.56 1.77 1.01 1.09 1.30 1.96 1.98 1.24 1.62 1.79 1.65 1.68 1.19 1.30 1.60 1.35 1.42 1.22 1.19 1.58 1.76 1.91 1.66 1.67 1.25 1.95 1.86 1.23 1.45 1.79 1.86 1.34 1.26 1.92 1.95 1.10 1.70 1.37 1.14 1.72 1.66 1.84 1.73 1.67 1.69 1.96 1.56 1.84 1.21 1.00 1.62 1.90 1.08 1.29 1.18 1.64 1.49 1.43 1.49
1.67 1.13 1.56 1.69 1.24 1.47 1.84 1.11 1.80 1.89 1.66 1.68 1.71 1.25 1.58 1.95 1.89 1.96 1.56 1.36 1.88 1.83 1.51 1.44 1.34 1.95 1.31 1.96 1.45 1.20 1.26 1.22 1.96 1.88 1.84 1.84 1.29 1.20 1.89 1.99 1.78 1.01 1.96 1.93 1.16 1.70 1.43 1.14 1.65 1.44 1.41 1.76 1.59 1.81 1.72 1.49 1.08 1.05 1.76 1.33 1.09 1.98 1.25 1.84
1.41 1.62 1.18 1.15 1.41 1.98 1.59 1.24 1.74 1.14 1.42 1.05 1.38 1.54 1.21 1.49 1.37 1.82 1.67 1.73 1.41 1.17 1.50 1.35 1.51 1.85 1.55 1.89 1.82 1.39 1.21 1.06 1.93 1.62 1.81 1.60 1.86 1.39 1.17 1.62 1.69 1.03 1.64 1.01 1.17 1.38 1.19 1.09 1.33 1.40 1.10 1.48 1.32 1.80 1.49 1.91 1.80 1.44 1.48 1.20 1.72 1.91 1.58 1.98
1.12 1.62 1.86 1.84 1.52 1.62 1.06 1.80 1.61 1.01 1.90 1.37 1.07 1.76 1.83 1.84 1.71 1.92 1.75 1.52 1.54 1.21 1.95 1.81 1.61 1.47 1.50 1.80 1.87 1.92 1.36 1.53 1.43 1.66 1.04 1.38 1.79 1.76 1.88 1.08 1.74 1.56 1.71 1.97 1.40 1.42 1.72 1.87 1.27 1.91 1.13 1.47 1.90 1.36 1.79 1.49 1.68 1.21 1.70 1.38 1.24 1.06 1.36 1.88
1.05 1.11 1.95 1.41 1.09 1.62 1.02 1.68 1.40 1.11 1.10 1.42 1.27 1.16 1.51 1.84 1.94 1.46 1.46 1.62 1.61 1.66 1.52 1.52 1.13 1.41 1.69 1.04 1.11 1.02 1.39 1.02 1.60 1.99 1.22 1.60 1.63 1.97 1.38 1.73 1.13 1.53 1.13 1.28 1.37 1.61 1.26 1.75 1.82 1.43 1.88 1.74 1.12 1.48 1.40 1.94 1.61 1.83 1.37 1.62 1.55 1.29 1.27 1.42
1.67 1.01 1.31 1.19 1.75 1.18 1.75 1.55 1.61 1.61 1.52 1.56 1.24 1.95 1.21 1.23 1.50 1.47 1.88 1.06 1.85 1.91 1.98 1.13 1.18 1.18 1.29 1.51 1.65 1.41 1.79 1.17 1.53 1.06 1.60 1.79 1.71 2.00 1.13 1.22 1.92 1.59 1.61 1.38 1.64 1.12 1.67 1.36 1.94 1.94 1.40 1.50 1.89 1.21 1.96 1.63 1.14 1.74 1.30 1.98 1.52 1.73 1.05 1.07
1.91 1.37 1.54 1.47 1.94 1.01 1.71 1.83 1.56 1.48 1.22 1.24 1.70 1.10 1.86 1.81 1.31 1.42 1.65 1.57 1.09 1.12 1.00 1.83 1.44 1.68 1.88 1.36 1.52 1.94 1.57 1.68 1.40 1.88 1.33 1.81 1.32 1.47 1.84 1.17 1.11 1.56 1.37 1.20 1.35 1.88 1.61 1.61 1.80 1.37 1.67 1.35 1.05 1.57 1.77 1.82 1.05 1.31 1.99 1.05 1.77 1.58 1.08 1.29
1.48 1.89 1.37 1.07 1.03 1.48 1.57 1.87 1.30 1.20 1.66 2.00 1.66 1.38 1.35 1.33 1.22 1.42 1.31 1.54 1.59 1.39 1.85 1.08 1.67 1.89 1.93 1.51 1.04 1.04 1.73 1.98 1.85 1.10 1.52 1.72 1.19 1.78 1.23 1.72 1.13 1.97 2.00 1.73 1.41 1.01 1.11 1.97 1.45 1.04 1.43 1.30 1.22 1.80 1.14 1.60 1.12 1.18 1.15 1.47 1.48 1.61 1.35 1.89
1.24 1.35 1.96 1.19 1.51 1.85 1.48 1.85 1.60 1.04 1.23 1.25 1.69 1.00 1.01 1.12 1.86 1.13 1.18 1.29 1.13 1.35 1.87 1.71 1.14 1.51 1.18 1.19 1.53 1.94 1.32 1.03 1.97 1.24 1.33 1.62 1.37 1.73 1.93 1.50 1.77 1.16 1.44 1.56 1.17 1.69 1.01 1.98 1.47 1.03 1.83 1.21 1.84 1.21 2.00 1.88 1.50 1.17 1.29 1.02 1.73 1.77 1.32 1.80
1.29 1.36 1.03 1.19 1.44 1.47 1.02 1.99 1.51 1.12 1.50 1.81 1.91 1.02 1.48 1.24 1.96 1.18 1.84 1.97 1.60 1.72 1.83 1.96 1.15 1.60 1.78 1.73 1.49 1.57 1.97 1.16 1.96 2.00 1.04 1.16 1.23 1.81 1.22 1.48 1.95 1.20 1.48 1.10 1.16 1.25 1.30 1.65 1.29 1.62 1.55 1.53 2.00 1.07 1.85 1.23 1.70 1.05 1.02 1.51 1.94 1.84 1.29 1.22
1.03 1.08 1.51 1.12 1.94 1.30 1.65 1.02 1.08 1.45 1.80 1.25 1.29 1.93 1.71 1.91 1.67 1.56 1.62 1.11 1.78 1.87 1.77 1.58 1.46 1.24 1.98 1.34 1.78 1.50 1.24 1.32 1.17 1.13 1.43 1.89 1.54 1.32 1.54 1.08 1.18 1.25 1.84 1.76 1.75 1.10 1.61 1.65 1.51 1.25 1.85 1.28 1.28 1.37 1.82 1.59 1.27 1.06 1.81 1.97 1.17 1.25 1.84 1.56
1.53 1.27 1.75 1.53 1.51 1.07 1.14 1.00 1.68 1.81 1.63 1.05 1.58 1.07 1.75 1.22 1.64 1.20 1.94 1.53 1.32 1.62 1.61 1.33 1.79 1.59 1.01 1.23 1.07 1.48 1.51 1.29 1.39 1.97 1.93 1.31 1.42 1.17 1.52 1.07 1.77 1.21 1.49 1.62 1.77 1.09 1.72 1.79 1.06 1.96 1.87 1.45 1.33 1.05 1.21 1.07 1.77 1.53 1.20 1.30 1.46 1.69 1.44 1.21
1.84 1.05 1.03 1.85 1.50 1.39 1.17 1.26 1.99 1.75 1.71 1.19 1.90 1.23 1.65 1.05 1.67 1.50 1.65 1.18 1.59 1.84 1.50 1.15 1.06 1.17 1.64 1.28 1.92 1.62 1.08 1.58 1.21 1.38 1.21 1.61 1.49 1.45 1.50 1.99 1.43 1.30 1.76 1.58 1.89 1.42 1.99 1.97 1.09 1.66 1.55 1.54 1.53 1.42 1.61 1.23 1.96 1.81 1.93 1.33 1.74 1.11 1.91 1.91
1.54 1.61 1.53 1.10 1.64 1.22 1.09 1.19 1.42 1.62 1.36 1.41 1.13 1.02 1.30 1.16 1.41 1.49 1.11 1.54 1.88 1.70 1.55 1.61 1.09 1.07 1.83 1.05 1.66 1.89 1.54 1.09 1.60 1.87 1.35 1.76 1.18 1.87 1.61 1.49 1.85 1.29 1.09 1.09 1.12 1.38 1.73 1.47 1.66 1.22 1.32 1.75 1.34 1.71 1.63 1.06 1.39 1.54 1.54 1.92 1.35 1.69 1.63 1.99
1.14 1.61 1.71 1.93 1.16 1.48 1.53 1.37 1.95 1.63 1.99 1.29 1.52 1.23 1.57 1.86 1.87 1.48 1.89 1.54 1.70 1.55 1.60 1.08 1.88 1.53 1.18 1.34 1.43 1.02 1.85 1.69 1.71 1.58 1.80 1.08 1.34 1.97 1.11 1.92 1.32 1.81 1.63 1.27 1.53 1.50 1.70 1.86 1.39 1.15 1.21 1.22 1.17 1.08 1.34 1.10 1.30 1.67 1.33 1.83 1.37 1.32 1.51 1.59
1.21 1.26 1.93 1.71 1.96 1.74 1.04 1.32 1.86 1.22 1.11 1.95 1.12 1.63 1.75 1.74 1.31 1.17 1.68 1.87 1.30 1.46 1.52 1.80 1.25 1.44 1.47 1.10 1.78 1.65 1.16 1.16 1.10 1.32 1.57 1.37 1.50 1.63 1.74 1.26 1.60 1.14 1.32 1.91 1.99 1.89 1.27 1.61 1.13 1.61 1.01 1.70 1.69 1.11 1.39 1.48 1.11 1.41 1.27 1.44 1.39 2.00 1.47 1.83
1.33 1.65 1.21 1.46 1.76 1.92 1.94 1.73 1.43 1.83 1.83 1.97 1.93 1.64 1.73 1.06 1.81 1.32 1.35 1.77 1.01 1.31 1.68 1.18 1.73 1.02 1.34 1.12 1.02 1.31 1.44 1.95 1.82 1.45 1.63 1.71 1.09 1.59 1.02 1.11 1.02 1.38 1.10 1.46 1.24 1.71 1.69 1.35 1.08 1.72 1.73 1.82 1.98 1.01 1.57 1.71 1.96 1.40 1.29 1.25 1.92 1.84 1.88 1.87
1.21 1.35 1.90 1.18 1.21 1.54 1.35 1.53 1.57 1.98 1.78 1.12 1.78 1.47 1.16 1.44 1.78 1.08 1.86 1.89 1.16 1.74 1.22 1.45 1.54 1.32 1.83 1.97 1.09 1.00 1.39 1.50 1.94 1.69 1.13 1.65 1.51 1.75 1.35 1.56 1.85 1.42 1.04 1.77 1.13 1.74 1.78 1.05 1.97 1.99 1.23 1.18 1.13 1.75 1.06 1.75 1.91 1.22 1.42 1.05 1.59 1.98 1.50 1.61
1.76 1.24 1.29 1.39 1.54 1.17 1.74 1.20 1.65 1.51 1.19 1.10 1.41 1.96 1.04 1.75 1.76 1.21 1.80 1.89 1.07 1.95 1.68 1.66 1.95 1.99 1.48 1.87 1.48 1.17 1.04 1.27 1.46 1.99 1.85 1.84 1.64 1.87 1.91 1.00 1.37 1.38 1.11 1.33 1.46 1.94 1.18 1.39 1.44 1.96 1.86 1.66 1.81 1.79 1.71 1.07 1.06 1.32 1.24 1.58 1.37 1.71 1.86 1.57
1.57 1.98 1.11 1.31 1.47 1.92 1.15 1.02 1.27 1.66 1.67 1.58 2.00 1.89 1.46 1.54 1.60 1.94 2.00 1.98 1.50 1.66 1.98 1.84 1.46 1.75 1.23 1.58 1.94 1.78 1.08 1.10 1.93 1.86 1.35 1.40 1.77 1.09 1.29 1.45 1.62 1.38 1.31 1.53 1.21 1.24 1.55 1.29 1.20 1.12 1.99 1.36 1.95 1.62 1.86 1.48 1.70 1.02 1.30 1.89 1.26 1.73 1.27 1.46
1.00 1.47 1.57 1.51 1.06 1.23 1.87 1.79 1.98 1.92 1.57 1.80 1.93 1.32 1.68 1.01 2.00 1.68 1.14 1.64 1.79 1.98 1.46 1.92 1.18 1.63 2.00 1.14 1.79 1.43 1.86 1.13 1.05 1.24 1.31 1.49 1.27 1.23 1.96 1.98 1.72 1.13 1.41 1.78 1.56 1.08 1.63 1.46 1.95 1.28 1.93 1.66 1.72 1.31 1.43 1.37 1.13 1.98 1.18 1.90 1.58 1.64 1.50 1.87
1.31 1.51 1.09 1.20 1.81 1.83 1.37 1.41 1.16 1.73 1.48 1.45 1.03 1.45 1.78 1.11 1.03 1.45 1.68 1.63 1.73 1.98 1.57 1.19 1.22 1.41 1.09 1.73 1.12 1.57 1.71 1.20 1.40 1.04 1.41 1.83 1.01 1.80 1.07 1.96 1.39 1.31 1.94 1.44 1.36 1.88 1.79 1.56 1.40 1.33 1.26 1.75 1.04 1.15 1.73 1.98 1.89 1.53 1.09 1.73 1.02 1.73 1.45 1.44
1.98 1.69 1.43 1.88 1.71 1.13 1.20 1.29 1.62 1.17 1.01 1.42 1.29 1.34 1.09 1.83 1.62 1.53 1.04 1.00 1.14 1.37 1.53 1.24 1.79 1.63 1.69 1.69 1.87 1.24 1.33 1.07 1.21 1.43 1.93 1.48 1.20 1.00 1.17 1.36 1.19 1.79 1.70 1.05 1.08 2.00 1.39 1.95 1.85 1.16 1.55 1.61 1.63 1.46 1.72 1.86 1.98 1.27 1.41 1.44 1.62 1.82 1.03 1.12
1.51 1.07 1.74 1.97 1.58 1.45 1.80 1.84 1.69 1.60 1.55 1.22 1.39 1.86 1.60 1.58 1.02 1.25 1.43 1.38 1.68 1.96 1.20 1.72 1.26 1.99 1.96 1.72 1.19 1.50 1.03 1.52 1.72 1.16 1.39 1.01 1.95 1.91 1.41 1.49 1.80 1.40 1.13 1.02 1.20 1.51 1.44 1.63 1.78 1.38 1.99 1.13 1.88 1.89 1.85 1.68 1.13 1.37 1.05 1.26 1.31 1.77 1.56 1.98
1.20 1.92 1.57 1.25 1.23 1.37 1.28 1.46 1.23 1.56 1.56 1.68 1.51 1.20 1.60 1.98 1.85 1.52 1.45 1.58 1.29 1.12 1.50 1.59 1.60 1.70 1.45 1.69 1.84 1.58 1.59 1.54 1.33 1.73 1.83 1.39 1.86 1.57 1.69 1.11 1.88 1.44 1.81 1.58 1.32 1.14 1.03 1.69 1.30 1.91 1.02 1.28 1.73 1.03 1.82 1.79 1.32 1.39 1.67 1.25 1.33 1.68 1.58 1.16
1.21 1.11 1.20 1.60 1.37 2.00 1.22 1.95 1.97 1.27 1.58 1.52 1.63 1.89 1.96 1.95 1.80 1.80 1.73 1.74 1.18 1.07 1.72 1.14 1.74 1.09 1.96 1.45 1.17 1.59 1.29 1.29 1.15 1.14 1.84 1.41 1.97 1.29 1.20 1.25 1.86 1.29 1.66 1.85 1.46 1.18 1.10 1.25 1.03 1.33 1.21 1.48 1.41 1.06 1.16 1.33 1.09 1.49 1.98 1.41 1.35 1.36 1.12 1.49
1.83 1.29 1.01 1.21 1.50 1.10 1.47 1.89 1.01 1.71 1.40 1.35 1.77 1.74 1.20 1.61 1.53 1.16 1.45 1.95 1.73 1.34 1.06 1.03 1.72 1.56 1.90 1.22 1.75 1.52 1.29 1.51 1.36 1.31 1.93 1.07 1.96 1.33 1.86 1.51 1.65 1.39 1.19 1.58 1.30 1.03 1.01 1.67 1.06 1.64 1.58 1.49 1.43 1.93 1.35 1.66 1.45 1.56 1.10 1.14 1.83 1.05 1.41 1.05
1.75 1.40 1.28 1.12 1.79 1.97 1.37 1.01 1.67 1.15 1.53 1.37 1.02 1.94 1.91 1.08 1.33 1.04 1.16 1.54 1.44 1.83 1.39 1.73 1.34 1.20 1.96 1.85 1.05 1.26 1.08 1.40 1.86 1.39 1.53 1.17 1.78 1.83 1.10 1.84 1.48 1.89 1.32 1.99 1.09 1.93 1.96 1.09 1.31 1.99 1.53 1.41 1.17 1.31 1.93 1.09 1.19 1.04 1.96 1.11 1.64 1.39 1.26 1.14
